done 24s; sign changes: 23
(2.98, -0.38, 0.6, 0.98, 0.99, 0.0046467066760288445, -0.004170910857352994)
(2.98, -0.37, 0.6, 0.98, 0.99, 0.002257128195058633, -0.0065609724777850875)
(2.98, -0.36, 0.6, 0.97, 0.98, 0.00866817738091008, -0.0001457708909953226)
(2.98, -0.35, 0.6, 0.97, 0.98, 0.006252330226404701, -0.002562071729258597)
(2.98, -0.33999999999999997, 0.6, 0.97, 0.98, 0.0038230354404584777, -0.004991820085843868)
(2.98, -0.32999999999999996, 0.6, 0.97, 0.98, 0.0013802200932366837, -0.007435063570376488)
(2.98, -0.31999999999999995, 0.6, 0.96, 0.97, 0.0077348991279958534, -0.0010761691250836813)
(2.98, -0.30999999999999994, 0.6, 0.96, 0.97, 0.005265299566073245, -0.003546158036751401)
(2.98, -0.29999999999999993, 0.6, 0.96, 0.97, 0.0027819771411004, -0.006029860811853305)
(2.98, -0.29000000000000004, 0.6, 0.96, 0.97, 0.0002848823961844049, -0.008527339117069488)
(2.98, -0.28, 0.6, 0.9500000000000001, 0.96, 0.006581918617598048, -0.002225989895551228)
(2.98, -0.27, 0.6, 0.9500000000000001, 0.96, 0.004057484581623028, -0.004750790915402647)
(2.98, -0.26, 0.6, 0.9500000000000001, 0.96, 0.0015190802155748973, -0.0072895051143209155)
(2.98, -0.25, 0.6, 0.9400000000000001, 0.9500000000000001, 0.00777090242898848, -0.0010333151766157567)
(2.98, -0.24, 0.6, 0.9400000000000001, 0.9500000000000001, 0.00520468776959615, -0.0035998044532086215)
(2.98, -0.22999999999999998, 0.6, 0.9400000000000001, 0.9500000000000001, 0.0026243403830339407, -0.0061804424423740345)
(2.98, -0.21999999999999997, 0.6, 0.9400000000000001, 0.9500000000000001, 2.9791484799202017e-05, -0.008775256024430633)
(2.98, -0.20999999999999996, 0.6, 0.93, 0.9400000000000001, 0.006221540928005087, -0.0025790575605961763)
(2.98, -0.19999999999999996, 0.6, 0.93, 0.9400000000000001, 0.003598615320266507, -0.005202169106709453)
(2.98, -0.18999999999999995, 0.6, 0.93, 0.9400000000000001, 0.0009612929870589371, -0.007839720440452336)
(2.98, -0.17999999999999994, 0.6, 0.92, 0.93, 0.007105978418250447, -0.001690499909747567)
(2.98, -0.16999999999999993, 0.6, 0.92, 0.93, 0.004439807408881613, -0.004356845958598754)
(2.98, -0.16000000000000003, 0.6, 0.92, 0.93, 0.00175903800139654, -0.0070377483258029505)
