done 41s; sign changes: 95
(2.8, -0.19999999999999996, 0.8, 0.93, 0.9400000000000001, 0.008810791927356454, -2.3304189911144135e-05)
(2.8, -0.19999999999999996, 0.8, 0.9400000000000001, 0.9500000000000001, -2.3304189911144135e-05, 0.04999999999999993)
(2.8, -0.18999999999999995, 0.8, 0.93, 0.9400000000000001, 0.00633410349625918, -0.0025006037952617355)
(2.8, -0.18999999999999995, 0.8, 0.9400000000000001, 0.9500000000000001, -0.0025006037952617355, 0.04999999999999993)
(2.8, -0.17999999999999994, 0.8, 0.93, 0.9400000000000001, 0.0038440272457929137, -0.004991371846831627)
(2.8, -0.17999999999999994, 0.8, 0.9400000000000001, 0.9500000000000001, -0.004991371846831627, 0.04999999999999993)
(2.8, -0.16999999999999993, 0.8, 0.93, 0.9400000000000001, 0.0013403970134908683, -0.0074955930637580215)
(2.8, -0.16999999999999993, 0.8, 0.9400000000000001, 0.9500000000000001, -0.0074955930637580215, 0.04999999999999993)
(2.8, -0.16000000000000003, 0.8, 0.92, 0.93, 0.007655297545835715, -0.0011767295629719898)
(2.8, -0.16000000000000003, 0.8, 0.9400000000000001, 0.9500000000000001, -0.01001333037285057, 0.04999999999999993)
(2.8, -0.15000000000000002, 0.8, 0.92, 0.93, 0.00512515051583351, -0.003707489754407489)
(2.8, -0.15000000000000002, 0.8, 0.9400000000000001, 0.9500000000000001, -0.012544688279316096, 0.04999999999999993)
(2.8, -0.14, 0.8, 0.92, 0.93, 0.002581322199861069, -0.0062518991099514976)
(2.8, -0.14, 0.8, 0.9400000000000001, 0.9500000000000001, -0.015089683665597153, 0.04999999999999993)
(2.8, -0.13, 0.8, 0.9400000000000001, 0.9500000000000001, -0.017648394627686192, 0.04999999999999993)
(2.8, -0.12, 0.8, 0.9400000000000001, 0.9500000000000001, -0.020220848998833918, 0.04999999999999993)
(2.98, -0.19999999999999996, 0.8, 0.93, 0.9400000000000001, 0.008810791927356454, -2.3304189911144135e-05)
(2.98, -0.19999999999999996, 0.8, 0.9400000000000001, 0.9500000000000001, -2.3304189911144135e-05, 0.04999999999999993)
(2.98, -0.18999999999999995, 0.8, 0.93, 0.9400000000000001, 0.00633410349625918, -0.0025006037952617355)
(2.98, -0.18999999999999995, 0.8, 0.9400000000000001, 0.9500000000000001, -0.0025006037952617355, 0.04999999999999993)
(2.98, -0.17999999999999994, 0.8, 0.93, 0.9400000000000001, 0.0038440272457929137, -0.004991371846831627)
(2.98, -0.17999999999999994, 0.8, 0.9400000000000001, 0.9500000000000001, -0.004991371846831627, 0.04999999999999993)
(2.98, -0.16999999999999993, 0.8, 0.93, 0.9400000000000001, 0.0013403970134908683, -0.0074955930637580215)
(2.98, -0.16999999999999993, 0.8, 0.9400000000000001, 0.9500000000000001, -0.0074955930637580215, 0.04999999999999993)
(2.98, -0.16000000000000003, 0.8, 0.92, 0.93, 0.007655297545835715, -0.0011767295629719898)
(2.98, -0.16000000000000003, 0.8, 0.9400000000000001, 0.9500000000000001, -0.01001333037285057, 0.04999999999999993)
(2.98, -0.15000000000000002, 0.8, 0.92, 0.93, 0.00512515051583351, -0.003707489754407489)
(2.98, -0.15000000000000002, 0.8, 0.9400000000000001, 0.9500000000000001, -0.012544688279316096, 0.04999999999999993)
(2.98, -0.14, 0.8, 0.92, 0.93, 0.002581322199861069, -0.0062518991099514976)
(2.98, -0.14, 0.8, 0.9400000000000001, 0.9500000000000001, -0.015089683665597153, 0.04999999999999993)
(2.98, -0.13, 0.8, 0.92, 0.93, 2.3760258845650917e-05, -0.00881004327087298)
(2.98, -0.13, 0.8, 0.9400000000000001, 0.9500000000000001, -0.017648394627686192, 0.04999999999999993)
(2.98, -0.12, 0.8, 0.91, 0.92, 0.006282185933941253, -0.0025475798878038525)
(2.98, -0.12, 0.8, 0.9400000000000001, 0.9500000000000001, -0.020220848998833918, 0.04999999999999993)
(2.98, -0.10999999999999999, 0.8, 0.91, 0.92, 0.0036975681682965833, -0.005132748522467034)
(2.98, -0.10999999999999999, 0.8, 0.9400000000000001, 0.9500000000000001, -0.022807080751036435, 0.04999999999999993)
(2.98, -0.09999999999999998, 0.8, 0.91, 0.92, 0.0010990212327885995, -0.007731807813757818)
(2.98, -0.09999999999999998, 0.8, 0.9400000000000001, 0.9500000000000001, -0.02540720845804767, 0.04999999999999993)
(2.98, -0.08999999999999997, 0.8, 0.9, 0.91, 0.00731326587175507, -0.0015134717949404353)
(2.98, -0.08999999999999997, 0.8, 0.9400000000000001, 0.9500000000000001, -0.028021251463730357, 0.04999999999999993)
(2.98, -0.07999999999999996, 0.8, 0.9, 0.91, 0.0046872336393389835, -0.004139982483407301)
(2.98, -0.07999999999999996, 0.8, 0.9400000000000001, 0.9500000000000001, -0.03064923804910824, 0.04999999999999993)
(2.98, -0.06999999999999995, 0.8, 0.9, 0.91, 0.0020471561304817865, -0.006780550979297861)
(2.98, -0.06999999999999995, 0.8, 0.9400000000000001, 0.9500000000000001, -0.0332912625016023, 0.04999999999999993)
(2.98, -0.05999999999999994, 0.8, 0.89, 0.9, 0.008216458260145942, -0.0006070780412272825)
(2.98, -0.05999999999999994, 0.8, 0.9400000000000001, 0.9500000000000001, -0.035947367540748565, 0.04999999999999993)
(2.98, -0.04999999999999993, 0.8, 0.89, 0.9, 0.005548479434590026, -0.0032755252617019393)
(2.98, -0.04999999999999993, 0.8, 0.9400000000000001, 0.9500000000000001, -0.0386175928671918, 0.04999999999999993)
(2.98, -0.040000000000000036, 0.8, 0.89, 0.9, 0.002866223826201386, -0.0059581981022206465)
(2.98, -0.040000000000000036, 0.8, 0.9400000000000001, 0.9500000000000001, -0.0413020218057889, 0.04999999999999993)
(2.98, -0.030000000000000027, 0.8, 0.89, 0.9, 0.00016962805606191012, -0.008655172728121552)
(2.98, -0.030000000000000027, 0.8, 0.9400000000000001, 0.9500000000000001, -0.044000660140018355, 0.04999999999999993)
(2.98, -0.020000000000000018, 0.8, 0.88, 0.89, 0.006279292942923509, -0.0025413079566825036)
(2.98, -0.020000000000000018, 0.8, 0.9400000000000001, 0.9500000000000001, -0.04671363146190077, 0.04999999999999993)
(2.98, -0.010000000000000009, 0.8, 0.88, 0.89, 0.0035542765434154466, -0.005266679529943863)
(2.98, -0.010000000000000009, 0.8, 0.9400000000000001, 0.9500000000000001, -0.04944094820820644, 0.04999999999999993)
(2.98, 0.0, 0.8, 0.88, 0.89, 0.0008147998114541588, -0.008006559627027121)
(2.98, 0.0, 0.8, 0.9400000000000001, 0.9500000000000001, -0.052182615481303096, 0.04999999999999993)
(2.98, 0.010000000000000009, 0.8, 0.87, 0.88, 0.006877700042137835, -0.0019393002243068835)
(2.98, 0.010000000000000009, 0.8, 0.9400000000000001, 0.9500000000000001, -0.054938819099367264, 0.04999999999999993)
(2.98, 0.020000000000000018, 0.8, 0.87, 0.88, 0.004109337389056278, -0.004707978584508887)
(2.98, 0.020000000000000018, 0.8, 0.9400000000000001, 0.9500000000000001, -0.057709480986160355, 0.04999999999999993)
(2.98, 0.030000000000000027, 0.8, 0.87, 0.88, 0.0013262737998308571, -0.007491339920130735)
(2.98, 0.030000000000000027, 0.8, 0.9400000000000001, 0.9500000000000001, -0.06049471699736364, 0.04999999999999993)
(2.98, 0.040000000000000036, 0.8, 0.86, 0.87, 0.007341717775537049, -0.0014715111162003636)
(2.98, 0.040000000000000036, 0.8, 0.9400000000000001, 0.9500000000000001, -0.06329457709334163, 0.04999999999999993)
(2.98, 0.050000000000000044, 0.8, 0.86, 0.87, 0.0045293738684637486, -0.004284125022815499)
(2.98, 0.050000000000000044, 0.8, 0.9400000000000001, 0.9500000000000001, -0.06610914306681448, 0.04999999999999993)
(2.98, 0.06000000000000005, 0.8, 0.86, 0.87, 0.0017021103573821028, -0.007111624554257956)
(2.98, 0.06000000000000005, 0.8, 0.9400000000000001, 0.9500000000000001, -0.06893841088721808, 0.04999999999999993)
(2.98, 0.07000000000000006, 0.8, 0.85, 0.86, 0.007669248183651667, -0.001140028527969128)
(2.98, 0.07000000000000006, 0.8, 0.9400000000000001, 0.9500000000000001, -0.07178246337759098, 0.04999999999999993)
(2.98, 0.08000000000000007, 0.8, 0.85, 0.86, 0.004812289941872661, -0.003997191666188504)
(2.98, 0.08000000000000007, 0.8, 0.9400000000000001, 0.9500000000000001, -0.07464138934732933, 0.04999999999999993)
(2.98, 0.09000000000000008, 0.8, 0.85, 0.86, 0.001940244727591467, -0.006869411298720873)
(2.98, 0.09000000000000008, 0.8, 0.9400000000000001, 0.9500000000000001, -0.07751519151372177, 0.04999999999999993)
(2.98, 0.10000000000000009, 0.8, 0.84, 0.85, 0.007858170841535173, -0.0009469210689582175)
(2.98, 0.10000000000000009, 0.8, 0.9400000000000001, 0.9500000000000001, -0.08040391402895997, 0.04999999999999993)
(2.98, 0.1100000000000001, 0.8, 0.84, 0.85, 0.0049559911697933945, -0.0038492461380810195)
(2.98, 0.1100000000000001, 0.8, 0.9400000000000001, 0.9500000000000001, -0.08330769237523672, 0.04999999999999993)
(2.98, 0.1200000000000001, 0.8, 0.84, 0.85, 0.0020385080644022002, -0.006766840977710187)
(2.98, 0.1200000000000001, 0.8, 0.9400000000000001, 0.9500000000000001, -0.08622648777578334, 0.04999999999999993)
(2.98, 0.13000000000000012, 0.8, 0.8300000000000001, 0.84, 0.007906442444925, -0.0008942695056519678)
(2.98, 0.13000000000000012, 0.8, 0.9400000000000001, 0.9500000000000001, -0.0891604390183024, 0.04999999999999993)
(2.98, 0.14000000000000012, 0.8, 0.8300000000000001, 0.84, 0.004958335167951633, -0.0038424298030205195)
(2.98, 0.14000000000000012, 0.8, 0.9400000000000001, 0.9500000000000001, -0.09210954049417508, 0.04999999999999993)
(2.98, 0.15000000000000013, 0.8, 0.8300000000000001, 0.84, 0.0019947664356660955, -0.006806057432859447)
(2.98, 0.15000000000000013, 0.8, 0.9400000000000001, 0.9500000000000001, -0.09507386584284949, 0.04999999999999993)
(2.98, 0.15999999999999992, 0.8, 0.9400000000000001, 0.9500000000000001, -0.09805348360189503, 0.04999999999999993)
(2.98, 0.16999999999999993, 0.8, 0.9400000000000001, 0.9500000000000001, -0.10104842148326265, 0.04999999999999993)
(2.98, 0.17999999999999994, 0.8, 0.9400000000000001, 0.9500000000000001, -0.10405877678789521, 0.04999999999999993)
(2.98, 0.18999999999999995, 0.8, 0.9400000000000001, 0.9500000000000001, -0.10708456924611787, 0.04999999999999993)
(2.98, 0.19999999999999996, 0.8, 0.9400000000000001, 0.9500000000000001, -0.1101258471379628, 0.04999999999999993)
(2.98, 0.20999999999999996, 0.8, 0.9400000000000001, 0.9500000000000001, -0.11318271237285205, 0.04999999999999993)
(2.98, 0.21999999999999997, 0.8, 0.9400000000000001, 0.9500000000000001, -0.11625519594179012, 0.04999999999999993)
